2 12 12 12 17 12 12 12 17 12 12 12 17 12 12 12 17 12 12 12 17 12 12 12 17 12 12 12 17 12 12 12 17 12 12 12 17 12 12 12 17 12 12 12 17 12 12 12 17 12 12 12 17 12 12 12 17 12 12 12 17 12 12 12 17 12 12 12 17 12 12 12 17 12 12 12 17 12 12 12 17 12 12 12 17 12 12 12 17 12 12 12 17 12 12 12 17 12 12 12 17 12 12 12 17 12 12 12 17 12 12 12 17 12 12 12 17 12 12 12 17 12 12 12 17 12 12 12 17 12 12 12 17 12 12 12 17 12 12 13
2 0  0  0  0  0  0  0  0  0  0  0  54 54 54 54 0  54 54 54 54 54 54 54 54 54 54 54 0  50 50 50 50 50 50 0  0  0  0  0  0  0  0  50 0  0  0  0  0  0  0  0  0  0  0  0  0  0  0  0  0  0  0  0  0  0  0  0  0  0  0  0  0  0  0  0  0  0  0  0  0  0  0  0  0  0  0  0  0  0  0  0  0  0  0  0  0  0  0  0  0  0  0  0  0  0  0  0  0  0  0  0  0  0  0  0  0  0  0  0  0  0  0  0  0  0  0  0  0  0  0  0  0  0  0  0  0  0  17 13
4 0  0  54 54 54 39 54 54 54 0  54 0  0  0  0  0  0  0  0  0  0  0  0  0  0  0  0  0  0  0  0  0  1  50 0  50 50 50 50 50 50 0  0  0  50 50 50 50 50 50 50 50 50 50 50 50 50 50 50 50 50 50 50 50 50 50 50 50 50 50 50 50 50 50 50 50 50 50 50 50 50 50 50 50 50 50 50 50 50 50 50 50 50 50 50 50 50 50 50 50 50 50 50 50 50 50 50 50 50 50 50 50 50 50 50 50 50 50 50 50 50 50 50 50 50 50 50 50 50 50 50 50 50 50 50 50 0  0  13
2 0  54 54 0  0  0  0  0  54 0  54 0  54 0  54 54 54 54 0  54 54 54 0  50 50 50 50 0  50 50 50 50 50 50 0  50 1  0  0  0  0  0  0  0  0  0  0  0  0  0  0  0  0  0  0  0  0  0  0  0  0  0  0  0  0  0  0  0  0  0  0  0  0  0  0  0  0  0  0  0  0  0  0  0  0  0  0  0  0  0  0  0  0  0  0  0  0  0  0  0  0  0  0  0  0  0  0  0  0  0  0  0  0  0  0  0  0  0  0  0  0  0  0  0  0  0  0  0  0  0  0  0  0  0  0  0  50 0  13
2 0  54 0  0  0  0  0  0  54 0  54 0  54 0  54 1  0  0  0  0  0  54 0  50 50 50 50 0  50 50 50 50 50 50 0  50 0  0  50 50 50 50 50 50 50 50 50 50 50 0  0  0  0  0  0  0  0  50 50 50 50 50 50 50 50 50 50 50 50 50 50 50 50 50 50 50 50 50 50 50 50 50 50 50 50 50 50 50 50 50 50 50 50 50 50 50 50 50 50 50 50 50 50 50 50 50 50 50 50 50 50 50 50 50 50 50 50 50 50 50 50 50 50 50 50 50 50 50 50 50 50 50 50 50 50 0  50 0  13
4 0  54 0  0  18 18 0  0  54 39 54 0  54 0  54 54 54 54 54 54 0  54 0  0  0  0  50 0  0  0  0  0  0  0  0  50 0  50 0  0  0  0  0  0  0  0  0  0  0  0  0  0  0  0  0  0  0  0  0  0  0  0  0  0  0  0  0  0  0  0  0  0  0  0  0  0  0  0  0  0  0  0  0  0  0  0  0  0  0  0  0  0  0  0  0  0  0  0  0  0  0  0  0  0  0  0  0  0  0  0  0  0  0  0  0  0  0  0  0  0  0  0  0  0  0  0  0  0  0  0  0  0  0  0  50 0  50 0  13
2 0  54 0  0  18 18 0  0  0  0  0  0  0  0  0  0  0  0  0  0  0  54 50 50 50 0  50 0  50 50 50 0  50 0  0  50 0  50 0  0  0  0  0  0  0  0  0  0  0  0  0  0  0  0  0  0  0  0  0  0  0  0  0  0  0  0  0  0  0  0  0  0  0  0  0  0  0  0  0  0  0  0  0  0  0  0  0  0  0  0  0  0  0  0  0  0  0  0  0  0  0  0  0  0  0  0  0  0  0  0  0  0  0  0  0  0  0  0  0  0  0  0  0  0  0  0  0  0  0  0  0  0  0  0  50 0  50 0  13
2 0  54 0  0  0  0  0  0  0  0  54 0  54 0  54 54 0  54 54 54 0  54 1  1  50 0  50 0  50 50 50 0  50 0  0  50 0  50 0  0  0  0  0  0  0  0  0  0  0  0  0  0  0  0  0  0  0  32 32 32 32 32 32 32 32 32 32 32 32 32 32 32 32 32 32 32 32 32 32 32 32 32 0  0  0  0  0  0  0  0  0  0  0  0  0  0  0  0  0  0  0  0  0  0  32 37 38 0  0  0  0  32 0  0  0  0  0  0  32 0  0  0  0  32 0  32 0  0  0  0  32 32 32 0  50 0  50 0  13
4 0  54 54 54 54 54 54 54 54 0  54 0  54 0  54 0  0  0  0  0  0  54 0  0  50 0  0  0  0  1  50 0  50 0  0  50 0  50 0  0  0  0  0  48 48 48 48 48 0  0  0  0  0  0  0  0  0  32 32 32 32 32 32 32 32 32 32 32 32 32 32 32 32 32 32 32 32 32 32 32 32 32 0  0  0  0  0  0  0  0  0  0  0  0  0  0  0  0  0  0  0  0  0  0  32 37 41 0  0  0  0  0  0  0  0  0  32 0  0  0  0  0  32 32 32 0  0  0  0  0  32 32 32 0  50 0  50 0  13
2 0  0  0  0  0  0  0  0  0  0  54 0  54 0  54 0  55 0  0  55 0  54 0  0  50 0  50 50 50 50 50 0  50 1  1  50 0  50 0  0  0  0  0  48 0  0  0  0  0  0  0  0  0  0  0  0  0  0  0  0  0  0  0  0  0  0  0  0  0  0  0  0  0  0  0  0  0  0  0  0  0  0  32 32 0  0  0  0  0  0  0  0  0  0  0  0  0  0  0  0  0  0  0  0  32 37 38 0  0  0  0  32 0  0  0  0  0  0  32 0  0  0  0  32 0  32 0  0  0  0  37 41 37 0  50 0  50 0  13
2 0  54 54 54 54 0  0  54 54 54 54 0  54 0  0  0  54 0  0  54 0  54 0  0  0  0  50 1  0  0  0  0  50 0  0  50 0  50 0  0  0  0  0  48 0  48 0  0  0  0  40 0  0  0  0  0  0  0  0  0  0  0  0  0  0  0  0  0  0  0  0  0  0  0  0  0  0  0  0  0  0  0  0  0  32 38 0  0  0  0  0  0  0  0  0  0  0  0  0  0  0  0  0  0  0  0  0  0  0  0  0  0  0  0  0  0  0  0  0  0  0  0  0  0  0  0  0  0  0  0  0  0  0  0  50 0  50 0  13
4 0  54 0  0  55 0  0  55 0  0  0  0  54 0  54 0  55 0  0  55 0  54 50 50 50 0  50 50 0  50 50 50 50 0  0  0  0  50 0  0  0  0  0  48 0  48 0  0  0  0  0  0  0  5  5  5  5  5  5  5  5  5  5  5  5  5  0  0  0  0  0  0  0  0  0  0  0  0  0  0  0  0  0  0  0  0  0  0  0  0  0  0  0  0  0  0  0  0  0  0  0  0  0  0  0  0  0  0  0  0  0  0  0  0  0  0  0  0  0  0  0  0  0  0  0  0  0  0  0  0  0  0  0  0  50 0  50 0  13
2 39 54 0  0  54 0  0  54 0  54 54 54 54 0  54 0  54 0  0  54 0  54 50 1  50 0  50 50 0  50 50 50 50 50 50 50 0  50 0  0  0  0  0  48 0  48 0  0  0  0  0  0  0  0  0  0  0  0  0  0  0  0  0  0  0  5  0  0  50 50 50 50 50 50 50 50 50 50 50 50 50 50 50 50 50 50 50 50 50 50 50 50 50 50 50 50 50 50 50 50 50 50 50 50 50 50 50 50 50 50 50 50 50 50 50 50 50 50 50 50 50 50 50 50 50 50 50 50 50 0  0  0  0  0  50 0  50 0  13
2 0  0  0  0  0  0  0  0  0  54 0  0  0  0  54 0  55 0  0  55 0  54 50 0  50 0  50 50 0  0  0  0  0  0  0  50 0  50 0  0  0  0  0  48 0  48 0  0  0  0  5  0  5  5  5  5  5  5  5  5  5  5  5  5  0  5  0  0  47 47 47 47 47 47 47 47 47 47 47 47 47 47 47 47 47 47 47 47 47 47 47 47 47 47 47 47 47 47 47 47 47 47 47 47 47 47 47 47 47 47 47 47 47 47 47 47 47 47 47 47 47 47 47 47 47 47 47 47 50 0  0  0  0  0  50 0  50 0  13
4 0  0  54 0  55 0  0  54 54 54 0  54 54 54 54 0  54 0  0  54 0  54 50 0  50 0  50 50 50 50 50 50 50 50 0  50 0  50 0  0  0  0  0  48 0  48 0  0  0  0  5  0  5  0  0  0  0  0  0  0  0  0  0  5  0  5  0  0  0  0  0  0  0  0  0  0  0  0  0  0  0  0  0  0  0  0  0  0  0  0  0  0  0  0  0  0  0  0  0  0  0  0  0  0  0  0  0  0  0  0  0  0  0  0  0  0  0  0  0  0  0  0  0  0  0  0  0  47 50 0  0  32 32 0  50 0  50 0  13
2 0  0  54 0  54 0  0  0  0  0  0  54 0  0  0  0  55 0  0  55 0  54 50 0  50 0  50 1  0  0  0  0  0  0  0  50 0  50 50 50 0  0  0  48 0  48 0  0  0  0  5  0  5  0  0  0  0  0  0  0  0  0  0  5  0  5  0  0  0  0  0  0  0  0  0  0  0  0  0  0  0  0  0  0  0  0  0  0  0  0  0  0  0  0  0  0  0  0  0  0  0  0  0  0  0  0  0  0  0  0  0  0  0  0  0  0  0  0  0  0  0  0  0  0  0  0  0  47 50 0  0  0  0  0  50 0  50 0  13
2 0  0  54 0  55 0  0  55 54 54 54 54 0  54 54 54 54 0  0  54 0  54 50 0  50 0  50 50 0  50 50 50 50 50 50 50 0  50 50 50 0  0  0  48 0  48 0  0  0  0  5  0  5  0  0  0  0  0  0  0  0  0  0  5  0  5  5  0  0  0  0  0  0  0  0  0  0  0  0  0  0  0  0  0  0  0  0  0  0  0  0  0  0  0  0  0  0  0  0  0  0  0  0  0  0  0  0  0  0  0  0  0  0  0  0  0  0  0  0  0  0  0  0  0  0  0  0  47 50 0  0  0  0  0  50 0  50 0  13
4 0  0  0  0  54 0  0  54 55 54 55 54 0  54 55 39 55 0  0  55 0  54 50 0  50 0  50 50 0  0  0  0  0  0  0  0  0  0  1  50 0  0  0  48 0  48 0  0  0  0  5  0  5  0  0  0  0  5  5  5  5  5  0  5  0  5  0  5  5  5  5  5  5  5  5  0  0  0  0  0  0  0  0  0  10 10 10 10 10 10 10 10 10 10 10 10 10 10 10 10 10 10 10 10 10 10 10 10 10 10 10 10 10 10 10 10 0  0  0  0  0  0  0  0  0  0  0  47 50 0  0  0  0  0  50 0  50 0  13
2 0  0  54 0  55 0  0  0  0  0  0  0  0  0  0  0  0  0  0  54 0  54 50 0  50 0  50 50 50 50 50 50 50 50 50 50 50 0  50 50 0  0  0  48 0  48 0  0  0  0  5  0  5  0  0  0  0  5  0  0  0  0  5  5  0  5  0  5  0  0  0  0  0  0  5  0  0  0  0  0  0  0  10 0  0  0  0  0  0  0  0  0  0  0  0  0  0  0  0  0  0  0  0  0  0  0  0  0  0  0  0  0  0  0  0  0  0  0  0  0  0  0  0  0  0  0  0  47 50 0  0  0  0  0  50 0  50 0  13
2 0  0  54 0  54 0  0  0  0  0  0  0  0  0  0  0  0  0  0  55 0  54 50 0  50 0  50 32 32 32 32 32 32 32 32 32 50 0  50 0  0  0  0  48 0  48 0  0  0  0  5  0  5  0  0  0  0  5  0  5  5  0  0  5  0  5  0  5  0  5  5  5  0  0  5  0  0  0  0  0  0  0  10 0  0  0  0  0  0  0  0  0  0  0  0  0  0  0  0  0  0  0  0  0  0  0  0  0  0  0  0  0  0  0  0  0  0  10 0  0  0  0  0  0  0  0  0  47 50 0  0  0  0  0  50 0  50 0  13
4 0  0  54 0  54 54 55 54 55 54 55 54 55 54 55 54 55 54 55 54 0  54 50 0  50 0  50 32 0  0  0  0  0  0  0  32 50 0  50 0  0  0  0  48 0  48 0  0  0  0  5  0  5  0  0  0  0  5  0  5  5  5  0  0  0  5  0  5  0  0  0  5  0  0  5  5  0  0  0  0  0  0  10 0  0  0  0  0  0  0  0  0  0  0  0  0  0  0  0  0  0  0  0  0  0  0  0  0  0  0  0  0  0  0  0  0  0  10 0  0  0  0  0  0  0  0  0  47 50 0  0  0  0  0  50 0  50 0  13
2 0  0  0  0  0  0  0  0  0  0  0  0  0  54 0  0  0  0  54 0  0  54 50 0  50 0  50 32 0  37 0  38 0  37 1  32 50 0  50 0  0  0  0  48 0  48 0  0  0  0  5  0  5  0  0  0  0  5  0  0  5  5  5  5  5  5  5  5  0  0  0  5  0  0  0  5  0  0  0  0  0  0  10 0  0  0  0  0  0  0  0  34 0  34 0  34 0  34 0  34 0  34 0  34 0  34 0  34 0  34 0  34 0  34 0  0  0  10 0  0  0  0  0  0  0  0  0  47 50 0  0  0  0  0  50 0  50 0  13
2 54 54 54 54 54 54 54 54 54 54 54 54 0  54 0  1  1  0  54 0  54 54 50 0  50 0  50 32 0  0  0  0  0  0  32 50 50 0  50 0  0  0  0  48 0  48 0  0  0  0  5  0  5  0  0  0  0  5  0  0  5  0  0  0  0  0  0  0  0  0  0  5  5  5  0  5  0  0  0  0  0  0  10 0  0  0  0  0  0  0  0  0  0  0  0  0  0  0  0  0  0  0  0  0  0  0  0  0  0  0  0  0  0  0  0  0  0  10 0  0  0  0  0  0  0  0  0  47 50 0  0  0  0  0  50 0  50 0  13
4 0  0  0  0  0  0  0  0  0  0  17 54 0  54 0  1  1  0  54 0  54 50 50 0  50 0  50 32 0  0  0  0  0  0  32 50 0  0  50 0  0  0  48 48 0  48 0  0  0  0  5  0  5  0  0  0  0  0  5  0  0  0  5  5  5  5  5  5  5  5  0  0  0  5  0  5  0  0  0  0  0  0  10 0  0  0  0  0  0  0  0  34 0  34 0  34 0  34 0  34 0  34 0  34 0  34 0  34 0  34 0  34 0  34 0  0  0  10 0  0  0  0  0  0  0  0  0  47 50 0  0  0  0  0  50 0  50 0  13
2 0  22 0  26 54 0  0  0  0  0  54 54 0  54 0  1  1  0  54 0  54 50 0  0  50 0  50 32 0  0  0  0  32 32 50 0  0  0  50 0  0  48 0  0  0  48 0  0  0  0  5  0  5  5  5  5  5  5  5  5  5  5  5  5  5  5  5  5  0  0  0  0  0  5  0  5  0  0  0  0  0  0  10 0  0  0  0  0  0  0  0  0  0  0  0  0  0  0  0  0  0  0  0  0  0  0  0  0  0  0  0  0  0  0  0  0  0  10 0  0  0  0  0  0  0  0  0  47 50 0  0  0  0  0  50 0  50 0  13
2 0  22 0  22 54 0  0  1  0  0  0  0  0  54 0  0  0  0  0  0  54 50 0  0  50 0  50 32 0  0  0  32 32 50 0  0  0  50 0  0  0  0  0  0  0  48 0  0  0  0  5  0  0  0  0  0  0  0  0  0  0  0  0  0  0  0  0  5  0  0  0  0  0  5  0  5  0  0  0  0  0  0  10 0  0  0  0  0  0  0  0  34 0  34 0  34 0  34 0  34 0  34 0  34 0  34 0  34 0  34 0  34 0  34 0  0  0  10 0  0  0  0  0  0  0  0  0  47 50 0  0  0  0  0  50 0  50 0  13
4 0  22 0  26 54 0  0  0  0  0  54 54 54 54 54 54 54 54 54 54 54 50 0  0  50 0  50 32 0  0  32 50 50 0  0  0  50 0  0  0  0  0  48 48 48 48 0  0  0  0  5  0  0  0  0  0  0  0  0  0  0  0  0  0  0  0  0  5  0  0  0  0  0  5  0  5  0  0  0  0  0  0  10 0  0  0  0  0  0  0  0  0  0  0  0  0  0  0  0  0  0  0  0  0  0  0  0  0  0  0  0  0  0  0  0  0  0  10 0  0  0  0  0  0  0  0  0  47 50 0  32 0  32 0  50 0  50 0  13
2 0  22 0  22 54 0  0  0  0  0  54 50 50 50 50 50 50 50 50 50 50 50 0  0  50 0  50 32 0  0  32 50 0  0  0  50 0  0  0  0  0  0  0  0  0  0  0  0  0  0  5  5  5  5  5  5  5  5  5  5  5  5  5  5  5  0  0  5  0  0  0  0  5  0  0  5  0  0  0  0  0  0  10 0  0  0  0  0  0  0  0  34 0  34 0  34 0  34 0  34 0  34 0  34 0  34 0  34 0  34 0  34 0  34 0  0  0  10 0  0  0  0  0  0  0  0  0  47 50 0  32 0  32 0  50 0  50 0  13
2 0  22 0  26 54 54 54 54 54 54 54 50 0  0  0  0  0  0  0  0  0  0  0  0  50 0  50 32 0  0  32 50 0  0  50 0  0  0  0  0  0  0  0  0  0  0  0  0  0  40 0  0  0  0  0  0  0  0  0  0  0  0  0  0  5  0  0  5  0  0  0  5  0  0  0  5  0  0  0  0  0  0  10 0  0  0  0  0  0  0  0  0  0  0  0  0  0  0  0  0  0  0  0  0  0  0  0  0  0  0  0  0  0  0  0  0  0  10 0  0  0  0  0  0  0  0  0  47 50 0  32 0  32 0  50 0  50 0  13
4 0  22 0  22 22 22 1  22 50 50 50 50 0  50 50 50 50 50 50 50 50 50 50 50 50 0  50 32 0  32 50 50 0  0  50 50 50 50 50 0  0  0  0  0  0  0  0  40 0  40 0  0  0  0  0  0  0  0  0  0  0  0  0  0  5  0  0  5  5  5  5  0  0  0  5  0  0  0  0  0  0  0  10 0  0  0  0  0  0  0  0  0  0  0  0  0  0  0  0  0  0  0  0  0  0  0  0  0  0  0  0  0  0  0  0  0  0  10 0  0  0  0  0  0  0  0  0  47 50 0  32 0  32 0  50 0  50 0  13
2 0  22 0  0  0  22 0  22 50 0  0  0  0  50 0  0  0  0  0  0  0  0  0  0  0  0  50 32 0  32 0  0  0  0  0  0  0  0  50 0  0  0  40 40 40 40 40 40 0  40 40 40 40 40 40 40 40 40 40 40 40 40 40 40 5  0  0  0  0  0  0  0  0  5  0  0  0  0  0  0  0  0  10 0  0  0  0  0  0  0  0  0  0  0  0  0  0  0  0  0  0  0  0  0  0  0  0  0  0  0  0  0  0  0  0  0  0  0  0  0  0  0  0  0  0  0  0  47 50 0  32 1  32 0  50 0  50 0  13
2 0  22 22 22 0  22 0  22 50 0  0  0  0  50 0  50 50 50 50 50 50 50 50 50 50 50 50 32 0  32 0  0  0  0  0  0  32 0  50 0  0  0  0  0  0  0  0  0  0  0  0  0  0  0  0  0  0  0  0  0  0  0  0  40 5  5  0  0  0  0  0  0  5  0  0  0  0  0  0  0  0  0  10 0  10 10 10 10 10 10 10 10 10 10 10 10 10 10 10 10 10 10 10 10 10 10 10 10 10 10 10 10 10 10 10 10 0  0  0  0  0  0  0  0  0  0  0  47 50 0  32 32 32 0  50 0  50 0  13
4 0  0  0  22 0  0  0  22 50 0  0  0  0  0  0  50 32 32 38 32 37 32 38 32 37 32 32 38 0  32 0  0  32 0  0  32 0  0  50 0  0  0  40 0  40 0  40 40 40 40 40 40 40 40 40 0  0  0  0  0  0  0  0  40 40 40 5  5  5  5  5  5  0  0  0  0  0  0  0  0  0  0  0  0  0  0  0  0  0  0  0  0  0  0  0  0  0  0  0  0  0  0  0  0  0  0  0  0  0  0  0  0  0  0  0  0  0  0  0  0  0  0  0  0  0  0  0  47 50 0  0  0  0  0  50 0  50 0  13
2 22 22 22 22 22 22 22 22 50 0  0  0  50 50 50 50 37 0  0  0  0  0  0  0  0  0  0  0  0  32 0  0  0  0  0  0  0  0  50 0  0  0  40 0  40 0  40 0  0  0  0  0  0  0  0  40 0  0  0  0  0  0  0  0  0  40 0  0  0  0  0  0  0  0  0  0  0  0  0  0  0  0  0  0  0  0  0  0  0  0  0  0  0  0  0  0  0  0  0  0  0  0  0  0  0  0  0  0  0  0  0  0  0  0  0  0  0  0  0  0  0  0  0  0  0  0  0  47 50 0  0  0  0  0  50 0  50 0  13
2 50 50 50 50 50 50 50 05 50 0  0  0  50 32 32 38 32 0  0  0  0  0  0  0  0  0  0  0  32 32 0  0  32 0  0  0  32 0  50 0  0  0  40 0  40 0  40 40 0  0  0  0  0  0  0  0  40 40 40 40 40 0  0  0  0  40 40 40 40 40 40 40 40 40 40 40 40 40 40 40 40 40 40 40 40 40 40 40 40 40 40 40 40 40 40 40 40 40 40 40 40 40 40 40 40 40 40 40 40 40 40 40 40 40 0  0  0  0  40 0  0  0  0  0  0  0  0  47 50 0  0  0  0  0  50 0  50 0  13
4 32 37 32 38 32 37 32 32 50 50 50 50 50 32 0  0  0  0  0  0  0  0  0  0  0  0  0  0  37 50 0  0  0  0  0  0  32 0  50 0  0  0  40 0  0  0  0  0  0  0  0  0  0  0  0  0  0  0  0  0  0  40 40 0  0  0  0  0  0  0  0  0  0  0  0  0  0  0  0  0  0  0  0  0  0  0  0  0  0  0  0  0  0  0  0  0  0  0  0  0  0  0  0  0  0  0  0  0  0  0  0  0  0  0  0  0  0  0  40 0  0  0  0  0  0  0  0  47 50 0  0  0  0  0  50 0  50 0  13
2 32 0  0  0  0  0  0  38 32 37 32 38 32 37 0  0  0  0  0  0  0  0  38 0  37 0  0  0  32 50 0  0  32 0  0  0  0  0  50 0  0  0  40 40 40 0  40 40 40 40 40 40 40 40 40 40 40 0  0  0  0  0  0  0  0  0  0  0  44 0  0  44 0  0  44 0  0  44 0  0  43 0  0  43 0  0  43 0  0  43 0  0  43 0  0  43 0  0  43 0  0  43 0  0  43 0  0  43 0  0  0  0  0  0  0  0  0  0  40 0  0  0  0  0  0  0  0  47 50 32 32 32 0  0  50 0  50 0  13
2 38 0  0  0  37 0  0  0  0  0  0  0  0  0  0  0  0  0  0  0  0  0  0  0  0  0  0  0  38 50 0  32 0  0  32 0  0  0  50 0  0  0  0  0  0  0  0  0  0  0  0  0  0  0  0  0  0  0  0  0  0  0  0  0  0  0  0  0  0  0  0  0  0  0  0  0  0  0  0  0  0  0  0  0  0  0  0  0  0  0  0  0  0  0  0  0  0  0  0  0  0  0  0  0  0  0  0  0  0  0  0  0  0  0  0  0  0  0  40 0  0  0  0  0  0  0  0  47 50 0  0  0  0  0  50 0  50 0  13
4 32 0  0  0  0  0  37 0  0  0  0  0  0  0  0  0  0  0  0  0  0  0  37 0  38 0  0  0  32 50 0  0  32 0  32 0  0  0  50 0  0  0  40 40 40 40 40 40 40 40 40 40 40 40 40 40 40 40 40 40 40 40 40 40 40 40 40 40 40 40 40 40 40 40 40 40 40 40 40 40 40 40 40 40 40 40 40 40 40 40 40 40 40 40 40 40 40 40 40 40 40 40 40 40 40 40 40 40 40 40 40 40 40 40 0  0  0  0  40 0  0  0  0  0  0  0  0  47 50 0  0  0  0  0  50 0  50 0  13
2 32 0  0  0  0  0  0  0  0  0  0  32 32 38 0  0  0  0  0  0  0  0  0  0  0  0  0  0  32 50 32 0  0  0  0  0  32 0  50 0  0  0  0  0  0  0  0  0  0  0  0  0  0  0  0  0  0  0  0  0  0  0  0  0  0  0  0  0  0  0  0  0  0  0  0  0  0  0  0  0  0  0  0  0  0  0  0  0  0  0  0  0  0  0  0  0  0  0  0  0  0  0  0  0  0  0  0  0  0  0  0  0  0  0  0  0  0  0  0  0  0  0  0  0  0  0  0  47 50 0  0  0  0  0  50 0  50 0  13
2 38 0  0  0  0  38 0  37 0  0  0  32 32 41 0  0  0  0  0  0  0  0  0  0  0  0  0  0  32 50 0  0  32 0  0  0  0  0  50 50 50 50 50 50 50 50 50 50 50 50 50 50 50 50 50 50 50 50 50 50 50 50 50 50 50 50 50 0  0  0  0  0  0  0  0  0  0  0  0  0  0  0  0  0  0  0  0  0  0  0  0  0  0  0  0  0  0  0  0  0  0  0  0  0  0  0  0  0  0  0  0  0  0  0  0  0  0  0  0  0  0  0  0  0  0  0  0  47 50 0  0  0  0  0  50 0  50 0  13
4 32 0  0  37 0  0  0  0  0  0  0  32 32 38 0  0  0  0  0  0  0  0  0  0  0  0  0  0  32 50 0  32 1  0  0  0  0  0  0  0  0  0  0  0  0  0  0  0  0  0  0  0  0  0  0  0  0  0  0  0  0  0  0  0  0  0  0  0  0  0  0  0  0  0  0  0  0  0  0  0  0  0  0  0  0  0  0  0  0  0  0  0  0  0  0  0  0  0  0  0  0  0  0  0  0  0  0  0  0  0  0  0  0  0  0  22 0  0  0  22 0  0  0  0  0  0  0  47 50 0  0  0  0  0  50 0  50 0  13
2 32 0  0  0  0  0  37 0  0  0  0  0  0  0  0  0  0  0  0  0  0  0  0  0  0  0  0  0  0  32 0  32 50 50 50 50 50 50 50 50 50 50 50 50 50 50 50 50 50 50 50 0  50 50 50 50 50 50 50 50 50 50 50 50 50 50 50 50 50 50 50 50 50 50 50 50 50 50 50 50 50 50 50 50 50 50 50 50 50 50 50 50 50 50 50 0  0  0  0  0  0  0  0  0  0  0  0  0  0  0  0  0  0  22 22 22 0  0  0  22 22 0  0  0  0  0  0  47 50 0  0  32 32 32 50 0  50 0  13
2 32 0  0  38 0  0  0  0  0  0  0  0  0  0  0  0  0  0  0  0  0  0  0  0  0  0  0  0  0  32 0  32 32 32 32 32 32 0  32 50 0  0  0  0  0  0  0  0  0  0  50 0  50 0  0  0  0  0  0  0  0  0  0  0  0  0  0  0  0  0  0  0  0  0  0  0  0  0  0  0  0  0  0  0  0  0  0  0  0  0  0  0  0  0  0  0  0  0  0  0  0  0  0  0  0  0  0  0  0  0  0  0  0  22 0  0  0  0  0  0  22 0  0  0  0  0  0  47 50 0  0  0  0  0  50 0  50 0  13
4 32 32 0  32 32 32 32 32 32 32 32 32 32 32 32 32 32 32 32 32 32 32 32 32 32 32 0  32 32 32 0  32 0  0  0  0  0  0  32 50 0  0  0  0  0  0  0  0  0  0  50 0  50 0  0  0  0  0  0  0  0  0  0  0  0  0  0  0  0  0  0  0  0  0  0  0  0  0  0  0  0  0  0  0  0  0  0  0  0  0  0  0  0  0  0  0  0  0  0  0  0  0  0  0  0  0  0  0  0  0  0  0  0  22 0  0  0  0  0  0  22 0  0  0  0  0  0  47 50 0  0  0  0  0  50 0  50 0  13
2 1  14 0  14 32 0  0  0  0  0  0  0  0  0  0  0  0  0  0  0  0  0  0  0  0  0  0  0  0  0  0  0  0  38 0  0  0  0  32 50 0  0  0  0  0  0  0  0  0  0  50 0  50 0  0  0  0  0  0  0  0  0  0  0  0  0  0  0  0  0  0  0  0  0  0  47 47 47 47 47 47 47 47 47 47 47 47 47 47 47 47 47 47 47 0  0  0  0  0  0  0  0  0  0  0  0  0  0  0  0  0  0  0  22 0  0  0  0  0  0  22 0  0  0  0  0  0  47 50 0  0  0  0  0  50 0  50 0  13
2 0  14 0  14 32 0  0  0  0  0  0  0  0  0  0  0  0  0  0  0  0  0  0  0  0  0  0  0  0  0  0  0  0  32 32 0  0  0  32 50 0  0  0  0  0  0  0  0  0  0  50 0  50 0  0  0  0  0  0  0  0  0  0  0  0  0  0  0  0  0  0  0  0  0  0  0  0  0  0  0  0  0  0  0  0  0  0  0  0  0  0  0  0  47 0  0  0  0  0  0  0  0  0  0  0  0  0  0  0  0  0  0  0  22 0  0  0  0  0  0  22 0  0  0  0  0  0  47 50 32 32 32 0  0  50 0  50 0  13
4 0  14 0  14 32 0  0  0  0  0  0  0  0  0  0  0  0  0  0  0  0  0  0  0  0  0  0  0  0  0  0  0  0  0  0  0  0  0  32 50 0  0  0  0  0  0  0  0  0  0  0  0  0  0  0  0  0  0  0  0  0  0  0  0  0  0  0  0  0  0  0  0  0  0  0  0  0  0  0  0  0  0  0  0  0  0  0  0  0  0  0  0  0  47 0  0  0  0  0  0  0  0  0  0  0  0  0  0  0  0  0  0  0  22 0  0  0  0  0  0  22 0  0  0  0  0  0  47 50 0  0  0  0  0  50 0  50 0  13
2 0  14 0  14 32 0  0  0  0  0  0  0  32 32 32 32 32 32 32 32 0  0  0  0  0  0  0  0  0  0  0  32 32 32 32 0  0  0  32 50 0  0  0  0  0  0  0  0  0  0  0  0  0  0  0  0  0  0  0  0  0  0  0  0  0  0  0  0  0  0  0  0  0  0  0  47 47 47 47 47 47 47 47 47 47 47 47 47 47 47 47 0  0  47 0  0  0  0  0  0  0  0  0  0  0  0  0  0  0  0  0  0  0  22 0  0  0  0  0  0  22 0  0  0  0  0  0  47 50 0  0  0  0  0  50 0  50 0  13
2 0  14 0  14 32 0  0  0  0  0  0  0  32 0  0  0  0  0  0  0  0  0  0  0  0  0  0  0  0  0  0  32 1  1  32 0  0  0  32 50 0  0  0  0  0  0  0  0  0  0  0  0  0  0  0  0  0  0  0  0  0  0  0  0  0  0  0  0  0  0  0  0  0  0  0  0  0  0  0  0  0  0  0  0  0  0  0  0  0  0  47 0  0  47 0  0  0  0  0  0  0  0  0  0  0  0  0  0  0  0  0  22 22 0  0  0  0  0  0  0  22 0  0  47 47 47 47 47 50 0  0  0  0  0  50 0  50 0  13
4 0  14 0  14 32 0  0  0  0  0  0  0  32 0  32 32 32 32 0  37 0  0  0  0  0  0  0  0  0  0  0  32 0  0  32 0  0  0  32 50 0  0  0  0  0  0  0  0  0  0  0  0  0  0  0  0  0  0  0  0  0  0  0  0  0  0  0  0  0  0  0  0  0  0  0  0  0  0  0  0  0  0  0  0  0  0  0  0  0  0  47 0  0  47 0  0  0  0  0  0  0  0  0  0  0  0  0  0  0  0  22 0  0  0  0  0  0  0  0  0  22 0  0  47 50 50 50 50 50 0  0  0  0  0  50 0  50 0  13
2 0  0  0  14 32 0  0  0  0  0  0  0  32 0  0  0  0  32 0  0  0  0  0  0  0  0  0  0  0  0  0  32 0  0  32 0  37 0  32 50 0  0  0  0  0  0  0  0  0  0  0  0  0  0  0  0  0  0  0  0  0  0  0  0  0  0  0  0  0  0  0  0  0  0  0  0  0  0  0  0  0  0  0  0  0  0  0  0  0  0  47 0  0  47 0  0  0  0  0  0  0  0  0  0  0  0  0  0  0  22 0  0  0  0  0  0  0  0  0  0  22 0  0  47 50 0  0  0  0  0  0  0  0  0  50 0  50 0  13
2 14 14 0  14 32 0  32 0  0  0  0  0  32 32 32 32 0  32 32 32 0  0  0  0  0  0  0  0  0  0  0  32 0  0  32 0  37 0  32 50 0  0  0  0  0  0  0  0  0  0  50 0  50 0  0  0  0  0  0  0  0  0  0  0  0  0  0  0  0  0  0  0  0  0  0  0  0  0  0  0  0  0  0  0  0  0  0  0  0  0  47 0  0  47 0  0  0  0  0  0  0  0  0  0  0  0  0  0  22 0  0  0  0  0  0  0  0  0  0  0  22 0  0  47 50 0  50 50 50 50 0  0  0  0  50 0  50 0  13
4 0  0  0  0  0  0  37 0  0  0  0  0  0  32 1  0  0  0  1  32 0  0  0  0  0  0  0  0  0  0  0  32 0  0  32 0  0  0  32 50 0  0  0  0  0  0  0  0  0  0  50 0  50 0  0  0  0  0  50 50 50 50 50 50 50 50 50 50 50 50 50 50 50 50 50 50 50 50 0  0  0  0  0  0  0  0  0  0  0  0  47 0  0  47 0  0  0  0  0  0  0  0  0  0  0  0  0  0  22 0  0  0  0  0  0  0  0  0  0  0  22 0  0  47 50 0  50 0  0  0  0  0  0  0  50 0  50 0  13
2 0  14 14 14 32 0  32 0  0  0  0  0  0  32 1  0  0  0  1  32 0  0  0  0  0  0  0  0  0  0  0  32 0  0  0  0  0  0  32 50 0  0  0  0  0  0  0  0  0  0  50 0  50 0  0  0  0  0  0  0  0  0  0  0  0  0  0  0  0  0  0  0  0  0  0  0  0  0  0  0  0  0  0  0  0  0  0  0  0  0  47 0  0  47 0  0  0  0  0  0  0  0  0  0  0  0  0  22 0  0  0  0  0  0  0  0  0  0  0  0  22 0  0  47 50 0  50 0  0  0  0  0  0  0  50 0  50 0  13
2 0  14 32 32 32 0  0  0  0  0  0  0  0  37 1  0  0  0  1  37 0  0  0  0  0  0  0  0  0  0  0  32 0  0  32 0  37 0  32 50 0  0  0  0  0  0  0  0  0  0  50 0  50 0  0  0  0  0  0  0  0  0  0  0  0  0  0  0  0  0  0  0  47 47 47 47 47 47 47 47 47 47 47 47 47 47 47 47 47 47 47 0  0  47 0  0  0  0  0  0  0  0  0  0  0  0  0  22 0  0  0  0  0  0  0  0  0  0  0  0  22 0  0  47 50 0  50 0  0  0  0  0  0  0  50 0  50 0  13
4 0  14 32 0  0  0  0  0  0  0  0  0  0  38 1  0  0  0  1  38 0  0  0  0  0  0  0  0  0  0  0  32 0  0  32 0  37 0  32 50 0  0  50 50 50 50 50 0  0  0  50 0  50 50 50 0  0  0  50 50 50 0  50 0  0  0  0  0  0  0  0  0  47 0  0  0  0  0  0  0  0  0  0  0  0  0  0  0  0  0  0  0  0  47 0  0  0  0  0  0  0  0  0  0  0  0  22 0  0  0  0  0  0  0  0  0  0  0  0  0  22 0  0  47 50 0  50 0  0  0  0  0  0  0  50 0  50 0  13
2 0  14 32 0  0  0  0  0  0  0  0  0  0  41 1  0  0  0  1  41 0  0  0  0  0  0  0  0  0  0  0  32 0  0  32 0  0  0  32 50 0  0  50 0  0  0  0  0  0  0  50 0  0  0  0  0  0  0  0  0  0  0  50 0  0  0  0  0  0  0  0  0  47 0  0  0  0  0  0  0  0  0  0  0  0  0  0  0  0  0  0  0  0  47 0  0  0  0  0  0  0  0  0  0  0  22 0  0  0  0  0  0  0  0  0  0  0  0  0  0  22 0  0  47 50 0  50 0  0  32 0  32 0  0  50 0  50 0  13
2 0  14 32 0  0  0  0  0  0  0  0  0  0  38 1  0  0  0  1  38 0  0  0  0  0  0  0  0  0  0  0  32 0  0  32 0  0  0  32 50 0  0  50 0  0  0  0  0  0  0  50 50 50 50 50 0  0  0  50 50 50 50 50 0  0  0  0  0  0  0  0  0  47 0  0  47 47 47 47 47 47 47 47 47 47 47 47 47 47 47 47 47 47 47 0  0  0  0  0  0  0  0  0  0  0  0  0  0  0  0  0  0  0  0  0  0  0  0  0  0  22 0  0  47 50 0  50 0  0  0  0  0  0  0  50 0  50 0  13
4 0  14 32 0  0  0  0  0  0  0  0  0  0  37 1  0  0  0  1  37 0  0  0  0  0  0  0  0  0  0  0  32 0  0  32 0  37 0  32 50 0  0  50 0  50 50 50 50 50 0  0  0  0  0  0  0  0  0  0  0  0  0  0  0  0  0  0  0  0  0  0  0  47 0  0  47 0  0  0  0  0  0  0  0  0  0  0  0  0  0  0  0  0  0  0  0  0  0  0  0  0  0  0  0  0  0  0  0  0  22 22 22 22 22 22 22 22 22 22 22 22 0  0  47 50 0  50 0  0  0  0  0  0  0  50 0  50 0  13
2 0  14 32 0  0  0  0  0  0  0  0  0  0  32 1  0  0  0  1  32 0  0  0  0  0  0  0  0  0  0  0  32 0  0  32 0  37 0  32 50 0  0  50 0  50 0  0  0  0  0  0  0  0  0  0  0  0  0  0  0  0  0  0  0  0  0  0  0  0  0  0  0  47 0  0  47 0  0  0  50 50 50 50 50 50 50 50 50 50 50 50 50 50 50 50 50 50 50 50 0  0  0  0  0  0  0  0  0  0  0  0  0  0  0  0  0  0  0  0  0  0  0  0  47 50 0  50 0  0  32 32 32 0  0  50 0  50 0  13
2 0  14 32 0  0  0  0  0  0  0  0  0  0  32 1  1  1  1  1  32 0  0  0  0  0  0  0  0  0  0  0  32 0  0  32 0  0  0  32 50 0  0  50 0  50 0  0  0  0  0  0  0  0  0  0  0  0  0  0  0  0  0  0  0  0  0  0  0  0  0  0  0  47 0  0  47 0  0  0  0  0  0  0  0  0  0  0  0  0  0  0  0  0  0  0  0  0  0  0  0  0  0  0  0  0  0  0  0  0  0  0  0  0  0  0  0  0  0  0  0  0  0  0  47 50 0  50 0  0  0  0  0  0  0  50 0  50 0  13
4 0  14 32 0  0  0  0  0  0  0  0  0  0  32 32 32 32 32 32 32 0  0  0  0  0  0  0  0  0  0  0  32 0  0  32 0  0  0  32 50 0  0  50 0  50 0  50 50 50 50 50 50 50 50 50 50 50 50 50 50 50 50 50 50 50 50 0  0  0  0  0  0  47 0  0  47 47 47 47 47 47 47 47 47 47 47 0  0  0  0  0  0  0  0  0  0  0  0  0  0  0  0  0  38 0  0  38 0  0  0  0  0  0  0  0  0  0  0  0  0  0  0  0  47 50 0  50 0  0  0  0  0  0  0  50 0  50 0  13
2 0  14 32 0  0  32 38 32 0  32 0  0  0  0  0  0  0  0  0  0  0  0  0  0  0  0  0  0  0  0  0  32 0  0  32 0  0  0  32 50 0  0  50 0  50 0  0  0  0  0  0  0  0  0  0  0  0  0  0  0  0  0  0  0  0  0  0  0  0  0  0  0  47 0  0  0  0  0  0  0  0  0  0  0  0  0  0  0  0  0  0  0  0  0  0  0  0  0  0  0  0  0  0  60 0  0  60 0  0  0  0  0  0  0  0  0  0  0  0  0  0  0  0  47 50 0  50 0  0  32 0  32 0  0  50 0  50 0  13
2 0  14 32 0  0  0  0  0  0  32 0  0  0  0  0  0  0  0  0  0  0  0  0  0  0  0  0  0  0  0  0  32 0  0  32 0  0  0  32 50 0  0  50 0  50 50 50 50 0  0  0  0  0  0  0  0  0  0  0  0  0  0  0  0  0  0  0  0  0  0  0  0  47 0  0  0  0  0  0  0  0  0  0  0  0  0  0  0  0  0  0  0  0  0  0  0  0  0  0  0  0  0  60 0  0  0  0  60 0  0  0  0  0  0  0  0  0  0  0  0  0  0  0  47 50 0  50 0  0  0  0  0  0  0  50 0  50 0  13
4 0  14 32 32 32 0  32 32 32 32 32 32 32 32 32 32 32 32 32 32 32 32 32 32 32 32 32 32 32 32 32 32 1  1  32 0  0  0  32 50 0  0  50 0  0  0  0  0  0  0  0  0  0  0  0  0  0  0  0  0  0  0  0  0  0  0  0  0  0  0  0  0  47 47 47 47 47 47 47 47 47 47 47 47 47 47 0  0  0  0  0  0  0  0  0  0  0  0  0  0  0  0  60 0  0  0  0  58 60 0  0  0  0  0  0  0  0  0  0  0  0  0  0  47 50 0  50 0  0  0  0  0  0  0  50 0  50 0  13
2 0  14 14 14 14 0  14 32 0  0  0  0  0  0  0  0  0  0  0  0  0  0  0  32 32 0  0  32 0  0  0  0  0  0  32 0  0  0  32 50 0  0  50 0  0  0  0  0  0  0  0  0  0  0  0  0  0  0  0  0  0  0  0  0  0  0  0  0  0  0  0  0  0  0  0  0  0  0  0  0  0  0  0  0  0  0  0  0  0  0  0  0  0  0  0  0  0  0  0  0  0  0  60 0  0  0  0  0  58 60 0  0  0  0  0  0  0  0  0  0  0  0  0  47 50 0  50 0  0  0  0  0  0  0  50 0  50 0  13
2 0  0  0  0  14 0  14 32 0  0  0  0  0  0  0  0  0  0  0  0  0  0  0  0  32 32 32 32 0  32 32 32 32 32 32 0  0  0  32 50 0  0  50 50 50 50 50 50 0  0  0  0  0  0  0  0  0  0  0  0  0  0  0  0  0  0  0  0  0  0  0  0  0  0  0  0  0  0  0  0  0  0  0  0  0  0  0  0  0  0  0  0  0  0  0  0  0  0  0  0  0  0  60 0  0  0  0  0  0  58 60 0  0  0  0  0  0  0  0  0  0  0  0  47 50 0  50 50 50 50 50 50 0  0  50 0  50 0  13
4 14 14 14 0  14 0  14 32 0  32 32 32 32 32 32 32 32 32 32 32 32 32 0  0  0  0  0  0  0  0  0  0  0  0  0  0  0  0  32 50 0  0  0  0  0  0  0  0  0  0  0  0  0  0  0  0  0  0  0  0  0  0  0  0  0  0  0  0  0  0  0  0  0  0  0  0  0  0  0  0  0  0  0  0  0  0  0  0  0  0  0  0  0  0  0  0  0  0  0  0  0  0  60 0  0  0  0  0  0  0  60 0  0  0  0  0  0  0  0  0  0  0  0  47 50 0  0  0  0  0  0  50 0  0  50 0  50 0  13
2 14 0  0  0  0  0  14 32 0  32 0  0  0  0  0  0  0  0  0  0  0  0  32 0  0  0  0  0  0  0  0  0  0  0  0  0  0  0  32 50 0  0  0  0  0  0  0  0  0  0  0  0  0  0  0  0  0  0  0  0  0  0  0  0  0  0  0  0  0  0  0  0  0  0  0  0  0  0  0  0  0  0  0  0  0  0  0  0  0  0  0  0  0  0  0  0  0  0  0  0  0  0  60 0  0  0  0  0  0  58 60 0  0  0  0  0  0  0  0  0  0  0  0  47 50 50 50 50 50 0  0  50 0  0  50 0  50 0  13
2 14 0  0  0  0  0  14 32 0  32 0  0  0  0  0  0  0  0  0  0  0  0  0  32 32 32 32 32 0  32 32 32 32 32 32 32 32 32 32 50 50 50 50 50 50 50 50 50 50 50 50 50 50 50 50 50 50 50 50 50 50 50 50 50 50 50 50 50 50 50 50 50 50 50 50 50 50 50 50 50 50 50 50 50 50 50 50 50 50 50 50 50 50 50 50 47 0  0  0  0  0  0  60 0  0  0  0  0  0  0  60 0  0  0  0  0  0  0  0  0  0  0  0  47 47 47 50 0  0  0  0  50 0  0  50 0  50 0  13
4 14 0  0  0  0  0  14 32 0  32 0  0  0  0  0  0  0  0  0  0  0  0  0  0  0  0  0  32 0  32 47 47 47 47 47 47 47 47 47 47 47 47 47 47 47 47 47 47 47 47 47 47 47 47 47 47 47 47 47 47 47 47 47 47 47 47 47 47 47 47 47 47 47 47 47 47 47 47 47 47 47 47 47 47 47 47 47 47 47 47 47 47 47 47 47 47 0  0  0  0  0  60 0  0  0  0  0  0  0  0  60 0  0  0  0  0  0  0  0  0  0  0  0  0  0  47 50 0  50 50 50 50 0  0  50 0  50 0  13
2 14 0  14 41 14 0  14 32 0  32 0  0  0  0  0  0  0  0  32 32 0  0  0  0  0  0  0  32 0  32 0  0  0  0  0  0  0  0  0  0  0  0  0  0  0  0  0  0  0  0  0  0  0  0  0  0  0  0  0  0  0  0  0  0  0  0  0  0  0  0  0  0  0  0  0  0  0  0  0  0  0  0  0  0  0  0  0  0  0  0  0  0  0  0  0  0  0  0  0  0  60 0  0  0  0  0  0  0  0  0  58 60 0  0  0  0  0  0  0  0  0  0  0  0  0  47 50 0  50 0  0  0  0  0  50 0  50 0  13
2 14 0  14 14 14 0  14 32 0  32 0  0  0  0  0  0  0  0  32 32 0  0  0  0  0  0  0  0  0  32 0  0  0  0  0  0  0  0  0  0  0  0  0  0  0  0  0  0  0  0  0  0  0  0  0  0  0  0  0  0  0  0  0  0  0  0  0  0  0  0  0  0  0  0  0  0  0  0  0  0  0  0  0  0  0  0  0  0  0  0  0  0  0  0  0  0  0  0  0  0  60 58 0  0  58 0  58 0  58 0  0  60 0  0  0  0  0  0  0  0  0  0  0  0  0  47 50 0  50 0  1  0  0  0  50 0  50 0  13
4 14 0  14 14 14 0  14 32 0  32 0  0  0  0  0  0  0  0  0  0  0  0  0  0  0  0  0  0  0  32 0  0  0  0  0  0  0  0  0  0  0  0  0  0  0  0  0  0  0  0  0  0  0  0  0  0  0  0  0  0  0  0  0  0  0  0  0  0  0  0  0  0  0  0  0  0  0  0  0  0  0  0  0  0  0  0  0  0  0  0  0  0  0  0  0  0  0  0  0  0  60 0  0  0  0  0  0  0  0  0  0  58 60 0  0  0  0  0  0  0  0  0  0  0  0  47 50 0  50 0  0  0  0  0  50 0  50 0  13
2 14 0  14 14 14 0  14 32 0  32 0  0  0  32 32 0  0  0  0  0  0  0  32 0  0  0  0  0  0  32 0  0  0  0  0  0  0  0  0  0  0  0  27 27 27 27 27 27 27 27 27 27 27 27 27 27 27 27 27 27 27 27 27 27 27 27 27 27 27 27 27 27 27 27 27 27 27 27 27 27 27 27 27 27 27 27 0  0  0  0  0  0  0  0  0  0  0  0  0  0  60 58 0  0  58 0  8  0  58 0  0  0  60 0  0  0  0  0  0  0  0  0  0  0  0  47 50 0  50 50 50 50 50 50 50 0  50 0  13
2 14 0  14 14 14 0  14 32 0  32 0  0  0  0  37 32 0  0  0  0  0  0  32 0  0  0  0  0  0  32 0  0  0  0  0  0  0  0  0  0  0  0  0  0  0  0  0  0  0  0  0  0  0  0  0  0  0  0  0  0  0  0  0  0  0  0  0  0  0  0  0  0  0  0  0  0  0  0  0  0  0  0  0  0  0  0  0  0  0  0  0  0  0  0  0  0  0  0  0  0  60 0  0  0  0  0  0  0  0  0  0  0  60 60 60 0  0  0  0  0  0  0  0  0  0  47 50 0  0  0  0  0  0  0  0  0  50 0  13
4 14 0  41 41 41 0  14 32 0  32 0  0  0  0  0  0  0  0  0  0  0  0  0  32 32 0  0  0  0  32 0  0  0  0  0  0  0  0  0  0  0  0  0  0  0  0  0  0  0  0  0  0  0  0  0  0  0  0  0  0  0  0  0  0  0  0  0  0  0  0  0  0  0  0  0  0  0  0  0  0  0  0  0  0  0  0  0  0  0  0  0  0  0  0  0  0  0  0  0  0  60 58 0  0  58 0  58 0  58 0  0  0  0  58 60 0  0  0  0  0  0  0  0  0  0  47 50 50 50 50 50 50 50 50 50 50 50 0  13
2 14 0  0  0  0  0  14 32 0  32 32 32 0  0  0  0  0  32 32 0  0  32 0  0  0  0  0  0  0  32 0  0  0  0  0  0  0  0  0  0  0  0  0  0  0  0  0  0  0  0  0  0  0  0  0  0  0  0  0  0  0  0  0  0  0  0  0  0  0  0  0  0  0  0  0  0  0  0  0  0  0  0  0  0  0  0  0  0  0  0  0  0  0  0  0  0  0  0  0  60 60 0  0  0  0  0  0  0  0  0  0  0  0  0  60 0  0  0  0  0  0  0  0  0  0  0  32 1  0  0  0  0  0  0  0  0  50 0  13
2 14 0  0  0  0  0  14 32 0  0  1  32 0  0  32 0  0  0  0  0  0  0  0  0  0  0  0  0  0  32 0  0  0  0  0  0  0  0  0  0  0  0  0  0  0  0  0  0  0  0  0  0  0  0  0  0  0  0  0  0  0  0  0  0  0  0  0  0  0  0  0  0  0  0  0  0  0  0  0  0  0  0  0  0  0  0  0  0  0  0  0  0  0  0  38 60 60 60 60 60 38 0  0  0  0  0  0  0  0  0  0  0  0  0  0  60 0  0  0  0  0  0  0  0  0  0  32 0  0  0  0  0  0  0  0  0  50 0  13
4 14 0  14 14 14 14 14 32 32 32 32 32 0  0  38 32 0  0  32 0  0  0  0  0  0  0  0  0  0  32 0  0  0  0  0  0  0  0  0  0  0  0  0  0  0  0  0  0  0  0  0  0  0  0  0  0  0  0  0  0  0  0  0  0  0  0  0  0  0  0  0  0  0  0  0  0  0  0  0  0  0  0  0  0  0  0  0  0  0  0  0  0  0  0  0  0  0  0  0  0  0  0  0  0  0  0  0  0  0  0  0  0  0  0  0  0  60 60 60 60 0  0  0  0  0  0  32 38 0  0  0  0  37 32 32 0  50 0  13
2 14 0  14 32 32 32 32 32 0  0  0  0  0  0  0  0  0  0  32 0  0  0  0  0  0  0  0  0  0  32 0  0  0  0  0  0  0  0  0  0  0  0  27 27 27 27 27 27 27 27 27 27 27 27 27 27 27 27 27 27 27 27 27 27 27 27 27 27 27 27 27 27 27 27 27 27 27 27 27 27 27 27 27 27 27 27 0  0  0  0  0  0  0  0  0  0  0  0  0  0  0  0  0  0  0  0  0  0  0  0  0  0  0  0  0  0  0  0  0  0  0  0  0  0  0  0  0  0  0  0  0  0  41 32 32 0  50 0  13
2 0  0  0  0  0  0  0  0  0  32 32 32 32 32 32 32 32 32 32 32 32 32 32 32 32 32 32 32 32 32 0  0  0  0  0  0  0  0  0  0  0  0  0  0  0  0  0  0  0  0  0  0  0  0  0  0  0  0  0  0  0  0  0  0  0  0  0  0  0  0  0  0  0  0  0  0  0  0  0  0  0  0  0  0  0  0  0  0  0  0  0  0  0  0  38 60 60 60 60 60 38 0  58 0  58 0  58 0  58 0  58 0  0  0  0  0  0  0  0  0  0  0  0  0  0  0  0  0  0  0  0  0  41 32 32 0  50 0  13
4 0  0  0  0  0  0  0  0  0  32 0  0  0  0  0  0  0  0  0  0  0  0  0  0  0  0  0  0  0  0  0  0  0  0  0  0  0  0  0  0  0  0  0  0  0  0  0  0  0  0  0  0  0  0  0  0  0  0  0  0  0  0  0  0  0  0  0  0  0  0  0  0  0  0  0  0  0  0  0  0  0  0  0  0  0  0  0  0  0  0  0  0  0  0  0  0  0  0  0  60 60 60 60 60 60 60 60 60 60 60 60 60 60 60 60 60 60 60 60 60 0  0  0  0  0  0  32 38 0  0  0  0  37 32 32 0  50 0  13
2 0  0  0  0  0  32 32 32 32 32 0  0  0  0  0  0  0  0  0  0  0  0  0  0  0  0  0  0  0  0  0  0  0  0  0  0  0  0  0  0  0  0  0  0  0  0  0  0  0  0  0  0  0  0  0  0  0  0  0  0  0  0  0  0  0  0  0  0  0  0  0  0  0  0  0  0  0  0  0  0  0  0  0  0  0  0  0  0  0  0  0  0  0  0  0  0  0  0  0  0  0  0  0  0  0  0  0  0  0  0  0  0  0  0  0  0  0  0  0  0  0  0  0  0  0  0  32 0  0  0  0  0  0  0  0  0  50 0  13
2 0  0  0  0  0  0  0  0  0  0  0  0  47 47 47 47 47 47 47 47 47 47 47 47 47 47 47 47 47 47 47 47 47 47 47 47 47 47 47 47 47 47 47 47 47 47 47 47 47 47 47 47 47 47 47 47 47 47 47 47 47 47 47 47 47 47 47 47 47 47 47 47 47 47 47 47 47 47 47 47 47 47 47 47 47 47 47 47 47 47 47 47 47 47 47 47 47 47 47 47 47 47 47 47 47 47 47 47 47 47 47 47 47 47 47 47 47 47 47 47 47 47 47 47 47 47 32 1  0  0  0  0  0  0  0  0  50 0  13
4 0  50 50 50 50 50 50 50 50 50 50 50 50 50 50 50 50 50 50 50 50 50 50 50 50 50 50 50 50 50 50 50 50 50 50 50 50 50 50 50 50 50 50 50 50 50 50 50 50 50 50 50 50 50 50 50 50 50 50 50 50 50 50 50 50 50 50 50 50 50 50 50 50 50 50 50 50 50 50 50 50 50 50 50 50 50 50 50 50 50 50 50 50 50 50 50 50 50 50 50 50 50 50 50 50 50 50 50 50 50 50 50 50 50 50 50 50 50 50 50 50 50 50 50 50 50 50 50 50 50 50 50 50 50 50 50 50 0  13
1 0  1  0  0  0  0  0  0  0  0  0  0  0  0  0  0  0  0  0  0  0  0  0  0  0  0  0  0  0  0  0  0  0  0  0  0  0  0  0  0  0  0  0  0  0  0  0  0  0  0  0  0  0  0  0  0  0  0  0  0  0  0  0  0  0  0  0  0  0  0  0  0  0  0  0  0  0  0  0  0  0  0  0  0  0  0  0  0  0  0  0  0  0  0  0  0  0  0  0  0  0  0  0  0  0  0  0  0  0  0  0  0  0  0  0  0  0  0  0  0  0  0  0  0  0  0  0  0  0  0  0  0  0  0  0  0  0  0  13
1 1  3  3  5  3  3  5  3  3  5  3  3  5  3  3  5  3  3  5  3  3  5  3  3  5  3  3  5  3  3  5  3  3  5  3  3  5  3  3  5  3  3  5  3  3  5  3  3  5  3  3  5  3  3  5  3  3  5  3  3  5  3  3  5  3  3  5  3  3  5  3  3  5  3  3  5  3  3  5  3  3  5  3  3  5  3  3  5  3  3  5  3  3  5  3  3  5  5  3  3  5  5  3  3  5  5  3  3  5  5  3  3  5  5  3  3  5  5  3  3  5  5  3  3  5  5  3  3  5  5  3  3  5  5  3  3  5  3  13
